$ANSIBLE_VAULT;1.1;AES256
65613132393464353765336364643335636635373534656335386632393464393765633633313939
6262356133373334623661353836363639633938333532320a643861626533376466336266626262
31343263313265306165363232313261633735623862326234626338386361383161376663363165
3936633564383364310a326332616161313036346430626339303666323231303664353338366566
30653530643339633664306438343664633064313036363863366466653862326539306237363835
33353235313336313731386333643464313935343138633261666437313939643536393036336565
63343937386566323361643962353138306235333036306363613435303735646466633738313962
37623965636338396234646663323039643735626264326131306138643534346464366466343035
61313662323734636137646465313566303766386166376565306431353166323935333334336139
65373761316334343035306338366163336239383330613034333538353635303537316230346535
39636464636462356432643035366265333835643933616231646333646538313664616337306161
35636238303939373930616536306538613161333832353436393634316663613764663338623666
62666235663338316564666436616433636363353766623266333730356365623963393532373330
33633539353562353134663230653465366131653565363035613739303862623265363937343036
39303264633831343866353434356236653734393266363431303434346238326431613735633163
35313061383339353939613863613962303862303132336165353538643530643336373336613661
31626436326330383833373735646661383337333330383738303836303266643030333331653562
61383832653461326662303162306232633262396462306338396337373962303361343235643766
36666461306262396265653465616163383136613466613131373863623366373439343639613830
63616566646336323938346461333833393534316333363436336537626436636139343234656238
37303533643034306133636263336565336137643332386535346235326566623561666539366634
64633939663738626539343565616435666235633934313738356238613138663737333535303632
33353938363835386532333036323763306532393234376631333464613231376266313966393465
63386534653738646437623837366334336635383839643266386462336233303537656331656132
35376161306166316438356239646361653335356336663633376532323431366365356361633936
30386262343738343764303137336530383366313163633636336539626230653034393161396366
34613061363139343861363435363737323034623233353634313035653630626333323832643462
39343837653661633531323464393030643739636336643935626337306133353435373866633065
63323732356537313936393930306364393936306432376462646164333764376164646432346335
62633333346230353265663866326263623734326265323534323864396232663864613734343438
39616234383434653665643763623663333637343237373333373339353733323230633161653138
62383566633939393963323233633835643231663264636661323964373230363538396230306264
61333234356265366363393831643261396164666666363731613030363263653333323632326633
31366139366230316432343237376234356466383231636464346639653431643939623466396266
31643936623265663236656264386566373337386339313636666638343136623737666432313330
37656232313765313161633566303138363663623065353136653834323265623034613234363439
31383663633861303165396634613231343163643635343232306532376466393739356331623339
64613738363261613236326536386535336566393738623462356362373565323665623534353362
33616166636236613837393533333530616539303138666330316463323730303438643935353338
37663563303032663832313734653836363030376564623234653332326637623834333666353366
33306663326465613336393662316637643962653831363266323436346336363866656463653235
63666661343935326637393661613265613033363939386233616638356333363165656263333631
33656632646630633231653663346132356663633464303262333163643030323935386163666664
39393134666135383539653264376434396132366539393437383338353736646565303137356537
61623938366333376164313733626361623134653936366433343136613866613261303833323838
65363235373638333530663639633930303535643531376430623739353464636339383731333136
31633438346531303163663362616236636131313932396266373764373864623264626234626164
37653665656665333138343835366133383439653366643736376562333036346630366539643161
34626436323537633337303665313334343561653962366264656638636166633833343034653230
32363331303539393433306666333830383263393831396234373965616336366236383732626361
39323666383961373837353137376666623036373764313534396637393536363931353235376164
62383137316534343464386261316333376663663666646532336666663437303863373035363263
34396635393864633663313732643932343534303838313830396363666665306365303632313837
66323961646238396161663161633939323861396130623161376634663936346538653434356135
33643534373830336666386264386662393036633839303464396466623338373938376131376566
36373230303136666365356534626531303538343232363063363763613037656633303333336334
65656363643632666633336537306234363637643433626434313030363438626365363034393665
63633030616362353562353336396665353538623362633538336463363638353030333065636636
61643239383434336664636234633131353836346161386566636635303430663539323462346136
31633263613961636436393231633336666231643233376630666262303261646337346539383862
64643834663465633063626366343764303638373262353831656536336131646166383565363461
38636139666334653039626436396635643164313230393839383462353065363231643564343037
38663336303263646163613134643230343330623866363562623039396366353137626237356166
31383535393062336565643063656334376334633233643735363033636561666565383663353964
39353037643361663137393866356137366631336264626233356632613730363631346366666561
31363334383633353161656631633930623861393139663938643631323032353162616335633064
33316162366662643136636363616238613363646132313464383362306431393062613637343866
66333230616461656165623062383331383638623262613463626165363766663661393830363530
34333830663537393965626162333732633961383232353837643339653132656539646132336132
39356330333432383034653235393538633534366561613561386438636163613737386663333261
30626135626666303938346566636235393837653064613361316632373338313230626266613534
35633361663065363435393131336339366566656265393833643566646661373163383137346262
35633633383537623263343961666332356534386538343337343037643361616530363136613839
63656163643533333238656165356565353863326239336537653131396161333965303361306133
64363661386264376366633537623062376234646234333838373461663466366163633534313433
64643434343836633137646465353432333064303361313263666138316432636639623732343538
64613033656433333164656136376135336532653031333433623831633638666261396661633436
63396631353532383038316161303365333661376566376631313932653739383830353166633866
34656531393862303733386239303464363830303732623032623033633266623465633863313530
62313739313165613834313661643134653062376666643130626638653132343961643330313932
30663839623961373134393933356366616632663964306136633931356532313433346332616637
63303933646365616365643536343166613866373139396162313761636239313332313437663134
63373838373564636237313863653332316432366234326334323838326433383865643564393531
33643963646239616366343133666261383135656639663738343164653032326431323661643231
30316430343063636135356233353465393530306664353264306461653034303836396430386539
33323333643730643536613362346237386661323565653264353231373861303537306633643934
62396331353236326135656331373665336666363535663536303363643161353538623639343337
37333930313135366633
